              precision    recall  f1-score   support

           0       1.00      0.81      0.89        21
           1       1.00      1.00      1.00        20
           2       0.95      1.00      0.98        21
           3       0.83      0.96      0.89        26
           4       0.91      0.95      0.93        21
           5       0.95      0.90      0.93        21
           6       0.86      0.92      0.89        26
           7       1.00      1.00      1.00        26
           8       0.91      0.95      0.93        21
           9       0.94      0.76      0.84        21

    accuracy                           0.93       224
   macro avg       0.94      0.93      0.93       224
weighted avg       0.93      0.93      0.93       224
